#########################################################################################################################
                                                                                                                         
#Start Time                    Unique ID             Batch ID             Build Status    Submit Status   Correct Results
                                                                                                                         
#########################################################################################################################
2021-02-09T13:50:46.048858     1612896646.0378704    725534               0               0               -1             
2021-02-09T14:00:08.629640     1612897208.6179116    725561               0               0               -1             
2021-02-09T14:07:20.230712     1612897640.2197864    725584               0               0               17             
2021-02-09T14:14:49.508282     1612898089.4964464    725604               0               0               17             
2021-02-09T14:23:20.007792     1612898599.9959989    725629               0               0               17             
2021-02-09T14:27:19.909542     1612898839.8978524    725637               0               0               17             
2021-02-09T14:31:52.798598     1612899112.7837834    725653               0               0               -1             
2021-02-09T14:43:30.073489     1612899810.0619473    725682               0               0               17             
2021-05-10T12:15:49.757135     1620663349.6777763    981204               0               0               -1             
2021-05-10T12:25:38.209565     1620663938.1953719    981220               0               0               -1             
2021-05-10T12:32:50.069040     1620664370.0564647    981229               0               0               -1             
2021-05-10T12:37:11.951648     1620664631.939974     981234               0               0               17             
2021-05-10T12:38:22.649322     1620664702.640213     981235               0               0               17             
